(kicad_pcb (version 20190905) (host pcbnew "5.99.0-unknown-281d77f~86~ubuntu18.04.1")

  (general
    (thickness 1.6)
    (drawings 6)
    (tracks 1097)
    (modules 60)
    (nets 122)
  )

  (page "A4")
  (layers
    (0 "F.Cu" signal)
    (31 "B.Cu" signal)
    (32 "B.Adhes" user)
    (33 "F.Adhes" user)
    (34 "B.Paste" user)
    (35 "F.Paste" user)
    (36 "B.SilkS" user)
    (37 "F.SilkS" user)
    (38 "B.Mask" user)
    (39 "F.Mask" user)
    (40 "Dwgs.User" user)
    (41 "Cmts.User" user)
    (42 "Eco1.User" user)
    (43 "Eco2.User" user)
    (44 "Edge.Cuts" user)
    (45 "Margin" user)
    (46 "B.CrtYd" user)
    (47 "F.CrtYd" user)
    (48 "B.Fab" user)
    (49 "F.Fab" user)
  )

  (setup
    (stackup
      (layer "F.SilkS" (type "Top Silk Screen"))
      (layer "F.Paste" (type "Top Solder Paste"))
      (layer "F.Mask" (type "Top Solder Mask") (thickness 0.01) (color "Green"))
      (layer "F.Cu" (type "copper") (thickness 0.035))
      (layer "dielectric 1" (type "core") (thickness 1.51) (material "FR4") (epsilon_r 4.5) (loss_tangent 0.02))
      (layer "B.Cu" (type "copper") (thickness 0.035))
      (layer "B.Mask" (type "Bottom Solder Mask") (thickness 0.01) (color "Green"))
      (layer "B.Paste" (type "Bottom Solder Paste"))
      (layer "B.SilkS" (type "Bottom Silk Screen"))
      (copper_finish "None")
      (dielectric_constraints no)
    )
    (last_trace_width 0.25)
    (user_trace_width 0.18)
    (user_trace_width 0.2)
    (user_trace_width 0.25)
    (user_trace_width 0.3)
    (user_trace_width 0.4)
    (user_trace_width 0.5)
    (trace_clearance 0.2)
    (zone_clearance 0.00508)
    (zone_45_only no)
    (trace_min 0.18)
    (via_size 0.8)
    (via_drill 0.4)
    (via_min_size 0.3)
    (via_min_drill 0.3)
    (user_via 0.6 0.3)
    (uvia_size 0.3)
    (uvia_drill 0.1)
    (uvias_allowed no)
    (uvia_min_size 0.2)
    (uvia_min_drill 0.1)
    (max_error 0.005)
    (defaults
      (edge_clearance 0.01)
      (edge_cuts_line_width 0.05)
      (courtyard_line_width 0.05)
      (copper_line_width 0.2)
      (copper_text_dims (size 1.5 1.5) (thickness 0.3) keep_upright)
      (silk_line_width 0.12)
      (silk_text_dims (size 1 1) (thickness 0.15) keep_upright)
      (other_layers_line_width 0.1)
      (other_layers_text_dims (size 1 1) (thickness 0.15) keep_upright)
    )
    (pad_size 1.72 1.12)
    (pad_drill 0)
    (pad_to_mask_clearance 0.051)
    (solder_mask_min_width 0.025)
    (aux_axis_origin 0 0)
    (visible_elements FFFFFF7F)
    (pcbplotparams
      (layerselection 0x010fc_ffffffff)
      (usegerberextensions false)
      (usegerberattributes false)
      (usegerberadvancedattributes false)
      (creategerberjobfile false)
      (excludeedgelayer true)
      (linewidth 0.100000)
      (plotframeref false)
      (viasonmask false)
      (mode 1)
      (useauxorigin false)
      (hpglpennumber 1)
      (hpglpenspeed 20)
      (hpglpendiameter 15.000000)
      (psnegative false)
      (psa4output false)
      (plotreference true)
      (plotvalue true)
      (plotinvisibletext false)
      (padsonsilk false)
      (subtractmaskfromsilk false)
      (outputformat 1)
      (mirror false)
      (drillshape 1)
      (scaleselection 1)
      (outputdirectory "")
    )
  )

  (net 0 "")
  (net 1 "Net-(U1-Pad52)")
  (net 2 "Net-(U1-Pad47)")
  (net 3 "Net-(U1-Pad44)")
  (net 4 "Net-(U1-Pad54)")
  (net 5 "GND")
  (net 6 "Net-(U1-Pad45)")
  (net 7 "Net-(U1-Pad50)")
  (net 8 "Net-(U1-Pad51)")
  (net 9 "Net-(U1-Pad25)")
  (net 10 "Net-(U1-Pad24)")
  (net 11 "Net-(U1-Pad23)")
  (net 12 "Net-(U1-Pad22)")
  (net 13 "Net-(U1-Pad21)")
  (net 14 "Net-(U1-Pad19)")
  (net 15 "Net-(U1-Pad18)")
  (net 16 "Net-(U1-Pad17)")
  (net 17 "Net-(U1-Pad16)")
  (net 18 "Net-(U1-Pad15)")
  (net 19 "Net-(U1-Pad35)")
  (net 20 "Net-(U1-Pad28)")
  (net 21 "Net-(U1-Pad29)")
  (net 22 "Net-(U1-Pad31)")
  (net 23 "Net-(U1-Pad30)")
  (net 24 "Net-(U1-Pad13)")
  (net 25 "Net-(U1-Pad11)")
  (net 26 "Net-(U1-Pad10)")
  (net 27 "Net-(U1-Pad9)")
  (net 28 "Net-(U1-Pad8)")
  (net 29 "Net-(U1-Pad6)")
  (net 30 "Net-(U1-Pad5)")
  (net 31 "Net-(U1-Pad4)")
  (net 32 "Net-(C2-Pad1)")
  (net 33 "Net-(C3-Pad2)")
  (net 34 "Net-(C3-Pad1)")
  (net 35 "VCC")
  (net 36 "Net-(R1-Pad1)")
  (net 37 "Net-(U2-Pad56)")
  (net 38 "Net-(U2-Pad55)")
  (net 39 "Net-(U2-Pad54)")
  (net 40 "Net-(U2-Pad50)")
  (net 41 "Net-(U2-Pad43)")
  (net 42 "Net-(U2-Pad42)")
  (net 43 "Net-(U2-Pad41)")
  (net 44 "Net-(U2-Pad30)")
  (net 45 "Net-(U2-Pad29)")
  (net 46 "Net-(U2-Pad28)")
  (net 47 "F9P_3v3")
  (net 48 "F9P_USB_VBUS")
  (net 49 "MCU_USB_DP")
  (net 50 "MCU_USB_DM")
  (net 51 "Net-(U4-Pad2)")
  (net 52 "Net-(U4-Pad5)")
  (net 53 "Net-(J1-Pad4)")
  (net 54 "F9P_USB_DP")
  (net 55 "F9P_USB_DM")
  (net 56 "Net-(J2-Pad4)")
  (net 57 "Net-(R4-Pad2)")
  (net 58 "Net-(R5-Pad2)")
  (net 59 "Net-(D2-Pad2)")
  (net 60 "Net-(D3-Pad2)")
  (net 61 "Net-(R6-Pad2)")
  (net 62 "Net-(R7-Pad2)")
  (net 63 "Net-(C8-Pad2)")
  (net 64 "Net-(C9-Pad2)")
  (net 65 "Net-(C10-Pad1)")
  (net 66 "Net-(C11-Pad1)")
  (net 67 "SWCLK")
  (net 68 "SWDIO")
  (net 69 "NRST")
  (net 70 "Net-(P1-Pad1)")
  (net 71 "Net-(U5-Pad11)")
  (net 72 "Net-(U5-Pad10)")
  (net 73 "Net-(U5-Pad4)")
  (net 74 "Net-(U5-Pad3)")
  (net 75 "Net-(U5-Pad2)")
  (net 76 "Net-(U5-Pad1)")
  (net 77 "CANL")
  (net 78 "CANH")
  (net 79 "CAN_TX")
  (net 80 "CAN_RX")
  (net 81 "SDA")
  (net 82 "SCL")
  (net 83 "IMU_INT2")
  (net 84 "Net-(SW1-Pad3)")
  (net 85 "Net-(D1-Pad2)")
  (net 86 "Net-(D1-Pad1)")
  (net 87 "MCU_RX_F9P_TX")
  (net 88 "F9P_RESET_N")
  (net 89 "TIMEPULSE")
  (net 90 "MCU_TX_F9P_RX")
  (net 91 "Net-(U2-Pad52)")
  (net 92 "Net-(U2-Pad25)")
  (net 93 "Net-(U2-Pad24)")
  (net 94 "Net-(U2-Pad11)")
  (net 95 "Net-(U2-Pad10)")
  (net 96 "Net-(U2-Pad9)")
  (net 97 "Net-(U2-Pad8)")
  (net 98 "Net-(C22-Pad1)")
  (net 99 "Net-(R12-Pad1)")
  (net 100 "MCU_USB_VBUS")
  (net 101 "Net-(U1-Pad27)")
  (net 102 "Net-(U1-Pad26)")
  (net 103 "Net-(U1-Pad46)")
  (net 104 "Net-(U2-Pad53)")
  (net 105 "Net-(U2-Pad51)")
  (net 106 "Net-(U2-Pad36)")
  (net 107 "Net-(U2-Pad35)")
  (net 108 "Net-(U2-Pad34)")
  (net 109 "Net-(U2-Pad33)")
  (net 110 "Net-(U2-Pad23)")
  (net 111 "Net-(U2-Pad22)")
  (net 112 "Net-(U2-Pad21)")
  (net 113 "Net-(U2-Pad20)")
  (net 114 "Net-(U2-Pad17)")
  (net 115 "Net-(U2-Pad16)")
  (net 116 "Net-(U2-Pad15)")
  (net 117 "Net-(U2-Pad14)")
  (net 118 "Net-(U2-Pad4)")
  (net 119 "Net-(U2-Pad3)")
  (net 120 "Net-(U2-Pad2)")
  (net 121 "Net-(L2-Pad1)")

  (net_class "Default" "This is the default net class."
    (clearance 0.2)
    (trace_width 0.25)
    (via_dia 0.8)
    (via_drill 0.4)
    (uvia_dia 0.3)
    (uvia_drill 0.1)
    (add_net "CANH")
    (add_net "CANL")
    (add_net "CAN_RX")
    (add_net "CAN_TX")
    (add_net "F9P_3v3")
    (add_net "F9P_RESET_N")
    (add_net "F9P_USB_DM")
    (add_net "F9P_USB_DP")
    (add_net "F9P_USB_VBUS")
    (add_net "GND")
    (add_net "IMU_INT2")
    (add_net "MCU_RX_F9P_TX")
    (add_net "MCU_TX_F9P_RX")
    (add_net "MCU_USB_DM")
    (add_net "MCU_USB_DP")
    (add_net "MCU_USB_VBUS")
    (add_net "NRST")
    (add_net "Net-(C10-Pad1)")
    (add_net "Net-(C11-Pad1)")
    (add_net "Net-(C2-Pad1)")
    (add_net "Net-(C22-Pad1)")
    (add_net "Net-(C3-Pad1)")
    (add_net "Net-(C3-Pad2)")
    (add_net "Net-(C8-Pad2)")
    (add_net "Net-(C9-Pad2)")
    (add_net "Net-(D1-Pad1)")
    (add_net "Net-(D1-Pad2)")
    (add_net "Net-(D2-Pad2)")
    (add_net "Net-(D3-Pad2)")
    (add_net "Net-(J1-Pad4)")
    (add_net "Net-(J2-Pad4)")
    (add_net "Net-(L2-Pad1)")
    (add_net "Net-(P1-Pad1)")
    (add_net "Net-(R1-Pad1)")
    (add_net "Net-(R12-Pad1)")
    (add_net "Net-(R4-Pad2)")
    (add_net "Net-(R5-Pad2)")
    (add_net "Net-(R6-Pad2)")
    (add_net "Net-(R7-Pad2)")
    (add_net "Net-(SW1-Pad3)")
    (add_net "Net-(U1-Pad10)")
    (add_net "Net-(U1-Pad11)")
    (add_net "Net-(U1-Pad13)")
    (add_net "Net-(U1-Pad15)")
    (add_net "Net-(U1-Pad16)")
    (add_net "Net-(U1-Pad17)")
    (add_net "Net-(U1-Pad18)")
    (add_net "Net-(U1-Pad19)")
    (add_net "Net-(U1-Pad21)")
    (add_net "Net-(U1-Pad22)")
    (add_net "Net-(U1-Pad23)")
    (add_net "Net-(U1-Pad24)")
    (add_net "Net-(U1-Pad25)")
    (add_net "Net-(U1-Pad26)")
    (add_net "Net-(U1-Pad27)")
    (add_net "Net-(U1-Pad28)")
    (add_net "Net-(U1-Pad29)")
    (add_net "Net-(U1-Pad30)")
    (add_net "Net-(U1-Pad31)")
    (add_net "Net-(U1-Pad35)")
    (add_net "Net-(U1-Pad4)")
    (add_net "Net-(U1-Pad44)")
    (add_net "Net-(U1-Pad45)")
    (add_net "Net-(U1-Pad46)")
    (add_net "Net-(U1-Pad47)")
    (add_net "Net-(U1-Pad5)")
    (add_net "Net-(U1-Pad50)")
    (add_net "Net-(U1-Pad51)")
    (add_net "Net-(U1-Pad52)")
    (add_net "Net-(U1-Pad54)")
    (add_net "Net-(U1-Pad6)")
    (add_net "Net-(U1-Pad8)")
    (add_net "Net-(U1-Pad9)")
    (add_net "Net-(U2-Pad10)")
    (add_net "Net-(U2-Pad11)")
    (add_net "Net-(U2-Pad14)")
    (add_net "Net-(U2-Pad15)")
    (add_net "Net-(U2-Pad16)")
    (add_net "Net-(U2-Pad17)")
    (add_net "Net-(U2-Pad2)")
    (add_net "Net-(U2-Pad20)")
    (add_net "Net-(U2-Pad21)")
    (add_net "Net-(U2-Pad22)")
    (add_net "Net-(U2-Pad23)")
    (add_net "Net-(U2-Pad24)")
    (add_net "Net-(U2-Pad25)")
    (add_net "Net-(U2-Pad28)")
    (add_net "Net-(U2-Pad29)")
    (add_net "Net-(U2-Pad3)")
    (add_net "Net-(U2-Pad30)")
    (add_net "Net-(U2-Pad33)")
    (add_net "Net-(U2-Pad34)")
    (add_net "Net-(U2-Pad35)")
    (add_net "Net-(U2-Pad36)")
    (add_net "Net-(U2-Pad4)")
    (add_net "Net-(U2-Pad41)")
    (add_net "Net-(U2-Pad42)")
    (add_net "Net-(U2-Pad43)")
    (add_net "Net-(U2-Pad50)")
    (add_net "Net-(U2-Pad51)")
    (add_net "Net-(U2-Pad52)")
    (add_net "Net-(U2-Pad53)")
    (add_net "Net-(U2-Pad54)")
    (add_net "Net-(U2-Pad55)")
    (add_net "Net-(U2-Pad56)")
    (add_net "Net-(U2-Pad8)")
    (add_net "Net-(U2-Pad9)")
    (add_net "Net-(U4-Pad2)")
    (add_net "Net-(U4-Pad5)")
    (add_net "Net-(U5-Pad1)")
    (add_net "Net-(U5-Pad10)")
    (add_net "Net-(U5-Pad11)")
    (add_net "Net-(U5-Pad2)")
    (add_net "Net-(U5-Pad3)")
    (add_net "Net-(U5-Pad4)")
    (add_net "SCL")
    (add_net "SDA")
    (add_net "SWCLK")
    (add_net "SWDIO")
    (add_net "TIMEPULSE")
    (add_net "VCC")
  )

  (module "Connector_Coaxial:U.FL_Molex_MCRF_73412-0110_Vertical" (layer "F.Cu") (tedit 5A1B5B59) (tstamp 5D8E28F7)
    (at 83.6 65.5 180)
    (descr "Molex Microcoaxial RF Connectors (MCRF), mates Hirose U.FL, (http://www.molex.com/pdm_docs/sd/734120110_sd.pdf)")
    (tags "mcrf hirose ufl u.fl microcoaxial")
    (path "/5D82C7FA/5D8F1967")
    (attr smd)
    (fp_text reference "U7" (at 0 3.5) (layer "F.SilkS")
      (effects (font (size 1 1) (thickness 0.15)))
    )
    (fp_text value "uFL_conn" (at 0 -3.302) (layer "F.Fab")
      (effects (font (size 1 1) (thickness 0.15)))
    )
    (fp_line (start 0 1) (end 0.3 1.3) (layer "F.Fab") (width 0.1))
    (fp_line (start -0.3 1.3) (end 0 1) (layer "F.Fab") (width 0.1))
    (fp_line (start 0.7 1.5) (end 0.7 2) (layer "F.SilkS") (width 0.12))
    (fp_line (start -0.7 1.5) (end -0.7 2) (layer "F.SilkS") (width 0.12))
    (fp_text user "%R" (at 0 3.5) (layer "F.Fab")
      (effects (font (size 1 1) (thickness 0.15)))
    )
    (fp_circle (center 0 0) (end 0 0.05) (layer "F.Fab") (width 0.1))
    (fp_circle (center 0 0) (end 0 0.125) (layer "F.Fab") (width 0.1))
    (fp_line (start -0.7 1.5) (end -1.3 1.5) (layer "F.SilkS") (width 0.12))
    (fp_line (start -1.3 1.5) (end -1.5 1.3) (layer "F.SilkS") (width 0.12))
    (fp_line (start 1.5 1.3) (end 1.5 1.5) (layer "F.SilkS") (width 0.12))
    (fp_line (start 1.5 1.5) (end 0.7 1.5) (layer "F.SilkS") (width 0.12))
    (fp_line (start 0.7 -1.5) (end 1.5 -1.5) (layer "F.SilkS") (width 0.12))
    (fp_line (start 1.5 -1.5) (end 1.5 -1.3) (layer "F.SilkS") (width 0.12))
    (fp_line (start -1.5 -1.3) (end -1.5 -1.5) (layer "F.SilkS") (width 0.12))
    (fp_line (start -1.5 -1.5) (end -0.7 -1.5) (layer "F.SilkS") (width 0.12))
    (fp_circle (center 0 0) (end 0.9 0) (layer "F.Fab") (width 0.1))
    (fp_line (start -1.3 -1.3) (end 1.3 -1.3) (layer "F.Fab") (width 0.1))
    (fp_line (start -1.3 -1.3) (end -1.3 1) (layer "F.Fab") (width 0.1))
    (fp_line (start -1.3 1) (end -1 1.3) (layer "F.Fab") (width 0.1))
    (fp_line (start 1.3 -1.3) (end 1.3 1.3) (layer "F.Fab") (width 0.1))
    (fp_line (start -2.5 -2.5) (end -2.5 2.5) (layer "F.CrtYd") (width 0.05))
    (fp_line (start -2.5 2.5) (end 2.5 2.5) (layer "F.CrtYd") (width 0.05))
    (fp_line (start 2.5 2.5) (end 2.5 -2.5) (layer "F.CrtYd") (width 0.05))
    (fp_line (start 2.5 -2.5) (end -2.5 -2.5) (layer "F.CrtYd") (width 0.05))
    (fp_line (start -1 1.3) (end 1.3 1.3) (layer "F.Fab") (width 0.1))
    (fp_circle (center 0 0) (end 0 0.2) (layer "F.Fab") (width 0.1))
    (pad "1" smd rect (at 0 1.5 180) (size 1 1) (layers "F.Cu" "F.Paste" "F.Mask")
      (net 121 "Net-(L2-Pad1)"))
    (pad "2" smd rect (at 0 -1.5 180) (size 1 1) (layers "F.Cu" "F.Paste" "F.Mask")
      (net 5 "GND"))
    (pad "2" smd rect (at 1.475 0 180) (size 1.05 2.2) (layers "F.Cu" "F.Paste" "F.Mask")
      (net 5 "GND"))
    (pad "2" smd rect (at -1.475 0 180) (size 1.05 2.2) (layers "F.Cu" "F.Paste" "F.Mask")
      (net 5 "GND"))
    (model "${KISYS3DMOD}/Connector_Coaxial.3dshapes/U.FL_Molex_MCRF_73412-0110_Vertical.wrl"
      (at (xyz 0 0 0))
      (scale (xyz 1 1 1))
      (rotate (xyz 0 0 0))
    )
  )

  (module "Capacitor_SMD:C_0603_1608Metric" (layer "F.Cu") (tedit 5B301BBE) (tstamp 5D8E1208)
    (at 106.3 63.5 -90)
    (descr "Capacitor SMD 0603 (1608 Metric), square (rectangular) end terminal, IPC_7351 nominal, (Body size source: http://www.tortai-tech.com/upload/download/2011102023233369053.pdf), generated with kicad-footprint-generator")
    (tags "capacitor")
    (path "/5D838F1B/5D8DF97F")
    (attr smd)
    (fp_text reference "C26" (at 0 -1.43 90) (layer "F.SilkS")
      (effects (font (size 1 1) (thickness 0.15)))
    )
    (fp_text value "2.2u" (at 0 1.43 90) (layer "F.Fab")
      (effects (font (size 1 1) (thickness 0.15)))
    )
    (fp_line (start -0.8 0.4) (end -0.8 -0.4) (layer "F.Fab") (width 0.1))
    (fp_line (start -0.8 -0.4) (end 0.8 -0.4) (layer "F.Fab") (width 0.1))
    (fp_line (start 0.8 -0.4) (end 0.8 0.4) (layer "F.Fab") (width 0.1))
    (fp_line (start 0.8 0.4) (end -0.8 0.4) (layer "F.Fab") (width 0.1))
    (fp_line (start -0.162779 -0.51) (end 0.162779 -0.51) (layer "F.SilkS") (width 0.12))
    (fp_line (start -0.162779 0.51) (end 0.162779 0.51) (layer "F.SilkS") (width 0.12))
    (fp_line (start -1.48 0.73) (end -1.48 -0.73) (layer "F.CrtYd") (width 0.05))
    (fp_line (start -1.48 -0.73) (end 1.48 -0.73) (layer "F.CrtYd") (width 0.05))
    (fp_line (start 1.48 -0.73) (end 1.48 0.73) (layer "F.CrtYd") (width 0.05))
    (fp_line (start 1.48 0.73) (end -1.48 0.73) (layer "F.CrtYd") (width 0.05))
    (fp_text user "%R" (at 0 0 90) (layer "F.Fab")
      (effects (font (size 0.4 0.4) (thickness 0.06)))
    )
    (pad "2" smd roundrect (at 0.7875 0 270) (size 0.875 0.95) (layers "F.Cu" "F.Paste" "F.Mask") (roundrect_rratio 0.25)
      (net 100 "MCU_USB_VBUS"))
    (pad "1" smd roundrect (at -0.7875 0 270) (size 0.875 0.95) (layers "F.Cu" "F.Paste" "F.Mask") (roundrect_rratio 0.25)
      (net 5 "GND"))
    (model "${KISYS3DMOD}/Capacitor_SMD.3dshapes/C_0603_1608Metric.wrl"
      (at (xyz 0 0 0))
      (scale (xyz 1 1 1))
      (rotate (xyz 0 0 0))
    )
  )

  (module "Inductor_SMD:L_0603_1608Metric" (layer "F.Cu") (tedit 5B301BBE) (tstamp 5D8C1BD3)
    (at 84.1 61.3)
    (descr "Inductor SMD 0603 (1608 Metric), square (rectangular) end terminal, IPC_7351 nominal, (Body size source: http://www.tortai-tech.com/upload/download/2011102023233369053.pdf), generated with kicad-footprint-generator")
    (tags "inductor")
    (path "/5D82C7FA/5D8D6A1F")
    (attr smd)
    (fp_text reference "L2" (at 0 -1.43 180) (layer "F.SilkS")
      (effects (font (size 1 1) (thickness 0.15)))
    )
    (fp_text value "56n" (at 0 1.43 180) (layer "F.Fab")
      (effects (font (size 1 1) (thickness 0.15)))
    )
    (fp_text user "%R" (at 0 0 180) (layer "F.Fab")
      (effects (font (size 0.4 0.4) (thickness 0.06)))
    )
    (fp_line (start 1.48 0.73) (end -1.48 0.73) (layer "F.CrtYd") (width 0.05))
    (fp_line (start 1.48 -0.73) (end 1.48 0.73) (layer "F.CrtYd") (width 0.05))
    (fp_line (start -1.48 -0.73) (end 1.48 -0.73) (layer "F.CrtYd") (width 0.05))
    (fp_line (start -1.48 0.73) (end -1.48 -0.73) (layer "F.CrtYd") (width 0.05))
    (fp_line (start -0.162779 0.51) (end 0.162779 0.51) (layer "F.SilkS") (width 0.12))
    (fp_line (start -0.162779 -0.51) (end 0.162779 -0.51) (layer "F.SilkS") (width 0.12))
    (fp_line (start 0.8 0.4) (end -0.8 0.4) (layer "F.Fab") (width 0.1))
    (fp_line (start 0.8 -0.4) (end 0.8 0.4) (layer "F.Fab") (width 0.1))
    (fp_line (start -0.8 -0.4) (end 0.8 -0.4) (layer "F.Fab") (width 0.1))
    (fp_line (start -0.8 0.4) (end -0.8 -0.4) (layer "F.Fab") (width 0.1))
    (pad "2" smd roundrect (at 0.7875 0) (size 0.875 0.95) (layers "F.Cu" "F.Paste" "F.Mask") (roundrect_rratio 0.25)
      (net 98 "Net-(C22-Pad1)"))
    (pad "1" smd roundrect (at -0.7875 0) (size 0.875 0.95) (layers "F.Cu" "F.Paste" "F.Mask") (roundrect_rratio 0.25)
      (net 121 "Net-(L2-Pad1)"))
    (model "${KISYS3DMOD}/Inductor_SMD.3dshapes/L_0603_1608Metric.wrl"
      (at (xyz 0 0 0))
      (scale (xyz 1 1 1))
      (rotate (xyz 0 0 0))
    )
  )

  (module "MountingHole:MountingHole_3.2mm_M3" (layer "F.Cu") (tedit 56D1B4CB) (tstamp 5D8BCDD1)
    (at 116.5 86.5)
    (descr "Mounting Hole 3.2mm, no annular, M3")
    (tags "mounting hole 3.2mm no annular m3")
    (path "/5D838F1B/5D9907DB")
    (attr virtual)
    (fp_text reference "H4" (at 0 -4.2) (layer "F.SilkS")
      (effects (font (size 1 1) (thickness 0.15)))
    )
    (fp_text value "MountingHole" (at 0 4.2) (layer "F.Fab")
      (effects (font (size 1 1) (thickness 0.15)))
    )
    (fp_circle (center 0 0) (end 3.45 0) (layer "F.CrtYd") (width 0.05))
    (fp_circle (center 0 0) (end 3.2 0) (layer "Cmts.User") (width 0.15))
    (fp_text user "%R" (at 0.3 0) (layer "F.Fab")
      (effects (font (size 1 1) (thickness 0.15)))
    )
    (pad "1" np_thru_hole circle (at 0 0) (size 3.2 3.2) (drill 3.2) (layers *.Cu *.Mask))
  )

  (module "MountingHole:MountingHole_3.2mm_M3" (layer "F.Cu") (tedit 56D1B4CB) (tstamp 5D8BCDC9)
    (at 116.5 63.5)
    (descr "Mounting Hole 3.2mm, no annular, M3")
    (tags "mounting hole 3.2mm no annular m3")
    (path "/5D838F1B/5D98EA74")
    (attr virtual)
    (fp_text reference "H3" (at 0 -4.2) (layer "F.SilkS")
      (effects (font (size 1 1) (thickness 0.15)))
    )
    (fp_text value "MountingHole" (at 0 4.2) (layer "F.Fab")
      (effects (font (size 1 1) (thickness 0.15)))
    )
    (fp_circle (center 0 0) (end 3.45 0) (layer "F.CrtYd") (width 0.05))
    (fp_circle (center 0 0) (end 3.2 0) (layer "Cmts.User") (width 0.15))
    (fp_text user "%R" (at 0.3 0) (layer "F.Fab")
      (effects (font (size 1 1) (thickness 0.15)))
    )
    (pad "1" np_thru_hole circle (at 0 0) (size 3.2 3.2) (drill 3.2) (layers *.Cu *.Mask))
  )

  (module "MountingHole:MountingHole_3.2mm_M3" (layer "F.Cu") (tedit 56D1B4CB) (tstamp 5D8BCDC1)
    (at 73.5 86.5)
    (descr "Mounting Hole 3.2mm, no annular, M3")
    (tags "mounting hole 3.2mm no annular m3")
    (path "/5D838F1B/5D98FCF2")
    (attr virtual)
    (fp_text reference "H2" (at 0 -4.2) (layer "F.SilkS")
      (effects (font (size 1 1) (thickness 0.15)))
    )
    (fp_text value "MountingHole" (at 0 4.2) (layer "F.Fab")
      (effects (font (size 1 1) (thickness 0.15)))
    )
    (fp_circle (center 0 0) (end 3.45 0) (layer "F.CrtYd") (width 0.05))
    (fp_circle (center 0 0) (end 3.2 0) (layer "Cmts.User") (width 0.15))
    (fp_text user "%R" (at 0.3 0) (layer "F.Fab")
      (effects (font (size 1 1) (thickness 0.15)))
    )
    (pad "1" np_thru_hole circle (at 0 0) (size 3.2 3.2) (drill 3.2) (layers *.Cu *.Mask))
  )

  (module "MountingHole:MountingHole_3.2mm_M3" (layer "F.Cu") (tedit 56D1B4CB) (tstamp 5D8BCDB9)
    (at 73.5 63.5)
    (descr "Mounting Hole 3.2mm, no annular, M3")
    (tags "mounting hole 3.2mm no annular m3")
    (path "/5D838F1B/5D98522F")
    (attr virtual)
    (fp_text reference "H1" (at 0 -4.2) (layer "F.SilkS")
      (effects (font (size 1 1) (thickness 0.15)))
    )
    (fp_text value "MountingHole" (at 0 4.2) (layer "F.Fab")
      (effects (font (size 1 1) (thickness 0.15)))
    )
    (fp_circle (center 0 0) (end 3.45 0) (layer "F.CrtYd") (width 0.05))
    (fp_circle (center 0 0) (end 3.2 0) (layer "Cmts.User") (width 0.15))
    (fp_text user "%R" (at 0.3 0) (layer "F.Fab")
      (effects (font (size 1 1) (thickness 0.15)))
    )
    (pad "1" np_thru_hole circle (at 0 0) (size 3.2 3.2) (drill 3.2) (layers *.Cu *.Mask))
  )

  (module "Resistor_SMD:R_0603_1608Metric" (layer "F.Cu") (tedit 5B301BBD) (tstamp 5D8A45D4)
    (at 87.2 61.3 180)
    (descr "Resistor SMD 0603 (1608 Metric), square (rectangular) end terminal, IPC_7351 nominal, (Body size source: http://www.tortai-tech.com/upload/download/2011102023233369053.pdf), generated with kicad-footprint-generator")
    (tags "resistor")
    (path "/5D82C7FA/5D8D71E7")
    (attr smd)
    (fp_text reference "R12" (at 0 -1.43 180) (layer "F.SilkS")
      (effects (font (size 1 1) (thickness 0.15)))
    )
    (fp_text value "4.7R" (at 1.845048 1.43 180) (layer "B.Fab")
      (effects (font (size 1 1) (thickness 0.15)) (justify mirror))
    )
    (fp_text user "%R" (at 0 0 180) (layer "F.Fab")
      (effects (font (size 0.4 0.4) (thickness 0.06)))
    )
    (fp_line (start 1.48 0.73) (end -1.48 0.73) (layer "F.CrtYd") (width 0.05))
    (fp_line (start 1.48 -0.73) (end 1.48 0.73) (layer "F.CrtYd") (width 0.05))
    (fp_line (start -1.48 -0.73) (end 1.48 -0.73) (layer "F.CrtYd") (width 0.05))
    (fp_line (start -1.48 0.73) (end -1.48 -0.73) (layer "F.CrtYd") (width 0.05))
    (fp_line (start -0.162779 0.51) (end 0.162779 0.51) (layer "F.SilkS") (width 0.12))
    (fp_line (start -0.162779 -0.51) (end 0.162779 -0.51) (layer "F.SilkS") (width 0.12))
    (fp_line (start 0.8 0.4) (end -0.8 0.4) (layer "F.Fab") (width 0.1))
    (fp_line (start 0.8 -0.4) (end 0.8 0.4) (layer "F.Fab") (width 0.1))
    (fp_line (start -0.8 -0.4) (end 0.8 -0.4) (layer "F.Fab") (width 0.1))
    (fp_line (start -0.8 0.4) (end -0.8 -0.4) (layer "F.Fab") (width 0.1))
    (pad "2" smd roundrect (at 0.7875 0 180) (size 0.875 0.95) (layers "F.Cu" "F.Paste" "F.Mask") (roundrect_rratio 0.25)
      (net 98 "Net-(C22-Pad1)"))
    (pad "1" smd roundrect (at -0.7875 0 180) (size 0.875 0.95) (layers "F.Cu" "F.Paste" "F.Mask") (roundrect_rratio 0.25)
      (net 99 "Net-(R12-Pad1)"))
    (model "${KISYS3DMOD}/Resistor_SMD.3dshapes/R_0603_1608Metric.wrl"
      (at (xyz 0 0 0))
      (scale (xyz 1 1 1))
      (rotate (xyz 0 0 0))
    )
  )

  (module "Capacitor_SMD:C_0603_1608Metric" (layer "F.Cu") (tedit 5B301BBE) (tstamp 5D8A457A)
    (at 87.1 63.7 -90)
    (descr "Capacitor SMD 0603 (1608 Metric), square (rectangular) end terminal, IPC_7351 nominal, (Body size source: http://www.tortai-tech.com/upload/download/2011102023233369053.pdf), generated with kicad-footprint-generator")
    (tags "capacitor")
    (path "/5D82C7FA/5D8D796F")
    (attr smd)
    (fp_text reference "C22" (at 0 -1.43 -90) (layer "F.SilkS")
      (effects (font (size 1 1) (thickness 0.15)))
    )
    (fp_text value "100n" (at 0 1.43 -90) (layer "F.Fab")
      (effects (font (size 1 1) (thickness 0.15)))
    )
    (fp_text user "%R" (at 0 0 -90) (layer "F.Fab")
      (effects (font (size 0.4 0.4) (thickness 0.06)))
    )
    (fp_line (start 1.48 0.73) (end -1.48 0.73) (layer "F.CrtYd") (width 0.05))
    (fp_line (start 1.48 -0.73) (end 1.48 0.73) (layer "F.CrtYd") (width 0.05))
    (fp_line (start -1.48 -0.73) (end 1.48 -0.73) (layer "F.CrtYd") (width 0.05))
    (fp_line (start -1.48 0.73) (end -1.48 -0.73) (layer "F.CrtYd") (width 0.05))
    (fp_line (start -0.162779 0.51) (end 0.162779 0.51) (layer "F.SilkS") (width 0.12))
    (fp_line (start -0.162779 -0.51) (end 0.162779 -0.51) (layer "F.SilkS") (width 0.12))
    (fp_line (start 0.8 0.4) (end -0.8 0.4) (layer "F.Fab") (width 0.1))
    (fp_line (start 0.8 -0.4) (end 0.8 0.4) (layer "F.Fab") (width 0.1))
    (fp_line (start -0.8 -0.4) (end 0.8 -0.4) (layer "F.Fab") (width 0.1))
    (fp_line (start -0.8 0.4) (end -0.8 -0.4) (layer "F.Fab") (width 0.1))
    (pad "2" smd roundrect (at 0.7875 0 270) (size 0.875 0.95) (layers "F.Cu" "F.Paste" "F.Mask") (roundrect_rratio 0.25)
      (net 5 "GND"))
    (pad "1" smd roundrect (at -0.7875 0 270) (size 0.875 0.95) (layers "F.Cu" "F.Paste" "F.Mask") (roundrect_rratio 0.25)
      (net 98 "Net-(C22-Pad1)"))
    (model "${KISYS3DMOD}/Capacitor_SMD.3dshapes/C_0603_1608Metric.wrl"
      (at (xyz 0 0 0))
      (scale (xyz 1 1 1))
      (rotate (xyz 0 0 0))
    )
  )

  (module "Resistor_SMD:R_0603_1608Metric" (layer "F.Cu") (tedit 5B301BBD) (tstamp 5D8C4012)
    (at 92.5 63.31762 -90)
    (descr "Resistor SMD 0603 (1608 Metric), square (rectangular) end terminal, IPC_7351 nominal, (Body size source: http://www.tortai-tech.com/upload/download/2011102023233369053.pdf), generated with kicad-footprint-generator")
    (tags "resistor")
    (path "/5D82C7FA/5D8D2E93")
    (attr smd)
    (fp_text reference "R11" (at 0 -1.43 -90) (layer "F.SilkS")
      (effects (font (size 1 1) (thickness 0.15)))
    )
    (fp_text value "1k" (at 0 1.43 -90) (layer "F.Fab")
      (effects (font (size 1 1) (thickness 0.15)))
    )
    (fp_line (start -0.8 0.4) (end -0.8 -0.4) (layer "F.Fab") (width 0.1))
    (fp_line (start -0.8 -0.4) (end 0.8 -0.4) (layer "F.Fab") (width 0.1))
    (fp_line (start 0.8 -0.4) (end 0.8 0.4) (layer "F.Fab") (width 0.1))
    (fp_line (start 0.8 0.4) (end -0.8 0.4) (layer "F.Fab") (width 0.1))
    (fp_line (start -0.162779 -0.51) (end 0.162779 -0.51) (layer "F.SilkS") (width 0.12))
    (fp_line (start -0.162779 0.51) (end 0.162779 0.51) (layer "F.SilkS") (width 0.12))
    (fp_line (start -1.48 0.73) (end -1.48 -0.73) (layer "F.CrtYd") (width 0.05))
    (fp_line (start -1.48 -0.73) (end 1.48 -0.73) (layer "F.CrtYd") (width 0.05))
    (fp_line (start 1.48 -0.73) (end 1.48 0.73) (layer "F.CrtYd") (width 0.05))
    (fp_line (start 1.48 0.73) (end -1.48 0.73) (layer "F.CrtYd") (width 0.05))
    (fp_text user "%R" (at 0 0 -90) (layer "F.Fab")
      (effects (font (size 0.4 0.4) (thickness 0.06)))
    )
    (pad "2" smd roundrect (at 0.7875 0 270) (size 0.875 0.95) (layers "F.Cu" "F.Paste" "F.Mask") (roundrect_rratio 0.25)
      (net 5 "GND"))
    (pad "1" smd roundrect (at -0.7875 0 270) (size 0.875 0.95) (layers "F.Cu" "F.Paste" "F.Mask") (roundrect_rratio 0.25)
      (net 86 "Net-(D1-Pad1)"))
    (model "${KISYS3DMOD}/Resistor_SMD.3dshapes/R_0603_1608Metric.wrl"
      (at (xyz 0 0 0))
      (scale (xyz 1 1 1))
      (rotate (xyz 0 0 0))
    )
  )

  (module "LED_SMD:LED_0603_1608Metric" (layer "F.Cu") (tedit 5B301BBE) (tstamp 5D8A29D1)
    (at 94.2 63.3 -90)
    (descr "LED SMD 0603 (1608 Metric), square (rectangular) end terminal, IPC_7351 nominal, (Body size source: http://www.tortai-tech.com/upload/download/2011102023233369053.pdf), generated with kicad-footprint-generator")
    (tags "diode")
    (path "/5D82C7FA/5D8D128B")
    (attr smd)
    (fp_text reference "D1" (at 0 -1.43 -90) (layer "F.SilkS")
      (effects (font (size 1 1) (thickness 0.15)))
    )
    (fp_text value "RED" (at 0 1.43 -90) (layer "F.Fab")
      (effects (font (size 1 1) (thickness 0.15)))
    )
    (fp_line (start 0.8 -0.4) (end -0.5 -0.4) (layer "F.Fab") (width 0.1))
    (fp_line (start -0.5 -0.4) (end -0.8 -0.1) (layer "F.Fab") (width 0.1))
    (fp_line (start -0.8 -0.1) (end -0.8 0.4) (layer "F.Fab") (width 0.1))
    (fp_line (start -0.8 0.4) (end 0.8 0.4) (layer "F.Fab") (width 0.1))
    (fp_line (start 0.8 0.4) (end 0.8 -0.4) (layer "F.Fab") (width 0.1))
    (fp_line (start 0.8 -0.735) (end -1.485 -0.735) (layer "F.SilkS") (width 0.12))
    (fp_line (start -1.485 -0.735) (end -1.485 0.735) (layer "F.SilkS") (width 0.12))
    (fp_line (start -1.485 0.735) (end 0.8 0.735) (layer "F.SilkS") (width 0.12))
    (fp_line (start -1.48 0.73) (end -1.48 -0.73) (layer "F.CrtYd") (width 0.05))
    (fp_line (start -1.48 -0.73) (end 1.48 -0.73) (layer "F.CrtYd") (width 0.05))
    (fp_line (start 1.48 -0.73) (end 1.48 0.73) (layer "F.CrtYd") (width 0.05))
    (fp_line (start 1.48 0.73) (end -1.48 0.73) (layer "F.CrtYd") (width 0.05))
    (fp_text user "%R" (at 0 0 -90) (layer "F.Fab")
      (effects (font (size 0.4 0.4) (thickness 0.06)))
    )
    (pad "2" smd roundrect (at 0.7875 0 270) (size 0.875 0.95) (layers "F.Cu" "F.Paste" "F.Mask") (roundrect_rratio 0.25)
      (net 85 "Net-(D1-Pad2)"))
    (pad "1" smd roundrect (at -0.7875 0 270) (size 0.875 0.95) (layers "F.Cu" "F.Paste" "F.Mask") (roundrect_rratio 0.25)
      (net 86 "Net-(D1-Pad1)"))
    (model "${KISYS3DMOD}/LED_SMD.3dshapes/LED_0603_1608Metric.wrl"
      (at (xyz 0 0 0))
      (scale (xyz 1 1 1))
      (rotate (xyz 0 0 0))
    )
  )

  (module "Capacitor_SMD:C_0603_1608Metric" (layer "B.Cu") (tedit 5B301BBE) (tstamp 5D8A29BE)
    (at 93.475 79.6 180)
    (descr "Capacitor SMD 0603 (1608 Metric), square (rectangular) end terminal, IPC_7351 nominal, (Body size source: http://www.tortai-tech.com/upload/download/2011102023233369053.pdf), generated with kicad-footprint-generator")
    (tags "capacitor")
    (path "/5D82C7FA/5D8AA32D")
    (attr smd)
    (fp_text reference "C25" (at 0 1.43) (layer "B.SilkS")
      (effects (font (size 1 1) (thickness 0.15)) (justify mirror))
    )
    (fp_text value "2.2u" (at 0 -1.43) (layer "B.Fab")
      (effects (font (size 1 1) (thickness 0.15)) (justify mirror))
    )
    (fp_line (start -0.8 -0.4) (end -0.8 0.4) (layer "B.Fab") (width 0.1))
    (fp_line (start -0.8 0.4) (end 0.8 0.4) (layer "B.Fab") (width 0.1))
    (fp_line (start 0.8 0.4) (end 0.8 -0.4) (layer "B.Fab") (width 0.1))
    (fp_line (start 0.8 -0.4) (end -0.8 -0.4) (layer "B.Fab") (width 0.1))
    (fp_line (start -0.162779 0.51) (end 0.162779 0.51) (layer "B.SilkS") (width 0.12))
    (fp_line (start -0.162779 -0.51) (end 0.162779 -0.51) (layer "B.SilkS") (width 0.12))
    (fp_line (start -1.48 -0.73) (end -1.48 0.73) (layer "B.CrtYd") (width 0.05))
    (fp_line (start -1.48 0.73) (end 1.48 0.73) (layer "B.CrtYd") (width 0.05))
    (fp_line (start 1.48 0.73) (end 1.48 -0.73) (layer "B.CrtYd") (width 0.05))
    (fp_line (start 1.48 -0.73) (end -1.48 -0.73) (layer "B.CrtYd") (width 0.05))
    (fp_text user "%R" (at 0 0) (layer "B.Fab")
      (effects (font (size 0.4 0.4) (thickness 0.06)) (justify mirror))
    )
    (pad "2" smd roundrect (at 0.7875 0 180) (size 0.875 0.95) (layers "B.Cu" "B.Paste" "B.Mask") (roundrect_rratio 0.25)
      (net 35 "VCC"))
    (pad "1" smd roundrect (at -0.7875 0 180) (size 0.875 0.95) (layers "B.Cu" "B.Paste" "B.Mask") (roundrect_rratio 0.25)
      (net 5 "GND"))
    (model "${KISYS3DMOD}/Capacitor_SMD.3dshapes/C_0603_1608Metric.wrl"
      (at (xyz 0 0 0))
      (scale (xyz 1 1 1))
      (rotate (xyz 0 0 0))
    )
  )

  (module "Capacitor_SMD:C_0603_1608Metric" (layer "B.Cu") (tedit 5B301BBE) (tstamp 5D8A29AD)
    (at 87.375 79.6)
    (descr "Capacitor SMD 0603 (1608 Metric), square (rectangular) end terminal, IPC_7351 nominal, (Body size source: http://www.tortai-tech.com/upload/download/2011102023233369053.pdf), generated with kicad-footprint-generator")
    (tags "capacitor")
    (path "/5D82C7FA/5D8B6460")
    (attr smd)
    (fp_text reference "C24" (at 0 1.43) (layer "B.SilkS")
      (effects (font (size 1 1) (thickness 0.15)) (justify mirror))
    )
    (fp_text value "2.2u" (at 0 -1.43) (layer "B.Fab")
      (effects (font (size 1 1) (thickness 0.15)) (justify mirror))
    )
    (fp_line (start -0.8 -0.4) (end -0.8 0.4) (layer "B.Fab") (width 0.1))
    (fp_line (start -0.8 0.4) (end 0.8 0.4) (layer "B.Fab") (width 0.1))
    (fp_line (start 0.8 0.4) (end 0.8 -0.4) (layer "B.Fab") (width 0.1))
    (fp_line (start 0.8 -0.4) (end -0.8 -0.4) (layer "B.Fab") (width 0.1))
    (fp_line (start -0.162779 0.51) (end 0.162779 0.51) (layer "B.SilkS") (width 0.12))
    (fp_line (start -0.162779 -0.51) (end 0.162779 -0.51) (layer "B.SilkS") (width 0.12))
    (fp_line (start -1.48 -0.73) (end -1.48 0.73) (layer "B.CrtYd") (width 0.05))
    (fp_line (start -1.48 0.73) (end 1.48 0.73) (layer "B.CrtYd") (width 0.05))
    (fp_line (start 1.48 0.73) (end 1.48 -0.73) (layer "B.CrtYd") (width 0.05))
    (fp_line (start 1.48 -0.73) (end -1.48 -0.73) (layer "B.CrtYd") (width 0.05))
    (fp_text user "%R" (at 0 0) (layer "B.Fab")
      (effects (font (size 0.4 0.4) (thickness 0.06)) (justify mirror))
    )
    (pad "2" smd roundrect (at 0.7875 0) (size 0.875 0.95) (layers "B.Cu" "B.Paste" "B.Mask") (roundrect_rratio 0.25)
      (net 35 "VCC"))
    (pad "1" smd roundrect (at -0.7875 0) (size 0.875 0.95) (layers "B.Cu" "B.Paste" "B.Mask") (roundrect_rratio 0.25)
      (net 5 "GND"))
    (model "${KISYS3DMOD}/Capacitor_SMD.3dshapes/C_0603_1608Metric.wrl"
      (at (xyz 0 0 0))
      (scale (xyz 1 1 1))
      (rotate (xyz 0 0 0))
    )
  )

  (module "Capacitor_SMD:C_0603_1608Metric" (layer "B.Cu") (tedit 5B301BBE) (tstamp 5D8ECB03)
    (at 90.425 79.6)
    (descr "Capacitor SMD 0603 (1608 Metric), square (rectangular) end terminal, IPC_7351 nominal, (Body size source: http://www.tortai-tech.com/upload/download/2011102023233369053.pdf), generated with kicad-footprint-generator")
    (tags "capacitor")
    (path "/5D82C7FA/5D8A7E75")
    (attr smd)
    (fp_text reference "C23" (at 0 1.43) (layer "B.SilkS")
      (effects (font (size 1 1) (thickness 0.15)) (justify mirror))
    )
    (fp_text value "2.2u" (at 0 -1.43) (layer "B.Fab")
      (effects (font (size 1 1) (thickness 0.15)) (justify mirror))
    )
    (fp_line (start -0.8 -0.4) (end -0.8 0.4) (layer "B.Fab") (width 0.1))
    (fp_line (start -0.8 0.4) (end 0.8 0.4) (layer "B.Fab") (width 0.1))
    (fp_line (start 0.8 0.4) (end 0.8 -0.4) (layer "B.Fab") (width 0.1))
    (fp_line (start 0.8 -0.4) (end -0.8 -0.4) (layer "B.Fab") (width 0.1))
    (fp_line (start -0.162779 0.51) (end 0.162779 0.51) (layer "B.SilkS") (width 0.12))
    (fp_line (start -0.162779 -0.51) (end 0.162779 -0.51) (layer "B.SilkS") (width 0.12))
    (fp_line (start -1.48 -0.73) (end -1.48 0.73) (layer "B.CrtYd") (width 0.05))
    (fp_line (start -1.48 0.73) (end 1.48 0.73) (layer "B.CrtYd") (width 0.05))
    (fp_line (start 1.48 0.73) (end 1.48 -0.73) (layer "B.CrtYd") (width 0.05))
    (fp_line (start 1.48 -0.73) (end -1.48 -0.73) (layer "B.CrtYd") (width 0.05))
    (fp_text user "%R" (at 0 0) (layer "B.Fab")
      (effects (font (size 0.4 0.4) (thickness 0.06)) (justify mirror))
    )
    (pad "2" smd roundrect (at 0.7875 0) (size 0.875 0.95) (layers "B.Cu" "B.Paste" "B.Mask") (roundrect_rratio 0.25)
      (net 35 "VCC"))
    (pad "1" smd roundrect (at -0.7875 0) (size 0.875 0.95) (layers "B.Cu" "B.Paste" "B.Mask") (roundrect_rratio 0.25)
      (net 5 "GND"))
    (model "${KISYS3DMOD}/Capacitor_SMD.3dshapes/C_0603_1608Metric.wrl"
      (at (xyz 0 0 0))
      (scale (xyz 1 1 1))
      (rotate (xyz 0 0 0))
    )
  )

  (module "Button_Switch_SMD:SW_SPDT_PCM12" (layer "B.Cu") (tedit 5A02FC95) (tstamp 5D8BE9A9)
    (at 84.4 87.7 180)
    (descr "Ultraminiature Surface Mount Slide Switch, right-angle, https://www.ckswitches.com/media/1424/pcm.pdf")
    (path "/5D83D3EA/5D8CA5FF")
    (attr smd)
    (fp_text reference "SW1" (at 0 3.2) (layer "B.SilkS")
      (effects (font (size 1 1) (thickness 0.15)) (justify mirror))
    )
    (fp_text value "F9P_USB_POWER" (at 0 -4.25) (layer "B.Fab")
      (effects (font (size 1 1) (thickness 0.15)) (justify mirror))
    )
    (fp_line (start 3.45 -0.72) (end 3.45 0.07) (layer "B.SilkS") (width 0.12))
    (fp_line (start -3.45 0.07) (end -3.45 -0.72) (layer "B.SilkS") (width 0.12))
    (fp_line (start -1.6 1.12) (end 0.1 1.12) (layer "B.SilkS") (width 0.12))
    (fp_line (start -2.85 -1.73) (end 2.85 -1.73) (layer "B.SilkS") (width 0.12))
    (fp_line (start -0.1 -3.02) (end -0.1 -1.73) (layer "B.SilkS") (width 0.12))
    (fp_line (start -1.2 -3.23) (end -0.3 -3.23) (layer "B.SilkS") (width 0.12))
    (fp_line (start -1.4 -1.73) (end -1.4 -3.02) (layer "B.SilkS") (width 0.12))
    (fp_line (start -0.1 -3.02) (end -0.3 -3.23) (layer "B.SilkS") (width 0.12))
    (fp_line (start -1.4 -3.02) (end -1.2 -3.23) (layer "B.SilkS") (width 0.12))
    (fp_line (start -4.4 -2.1) (end -4.4 2.45) (layer "B.CrtYd") (width 0.05))
    (fp_line (start -1.65 -2.1) (end -4.4 -2.1) (layer "B.CrtYd") (width 0.05))
    (fp_line (start -1.65 -3.4) (end -1.65 -2.1) (layer "B.CrtYd") (width 0.05))
    (fp_line (start 1.65 -3.4) (end -1.65 -3.4) (layer "B.CrtYd") (width 0.05))
    (fp_line (start 1.65 -2.1) (end 1.65 -3.4) (layer "B.CrtYd") (width 0.05))
    (fp_line (start 4.4 -2.1) (end 1.65 -2.1) (layer "B.CrtYd") (width 0.05))
    (fp_line (start 4.4 2.45) (end 4.4 -2.1) (layer "B.CrtYd") (width 0.05))
    (fp_line (start -4.4 2.45) (end 4.4 2.45) (layer "B.CrtYd") (width 0.05))
    (fp_line (start 1.4 1.12) (end 1.6 1.12) (layer "B.SilkS") (width 0.12))
    (fp_line (start 3.35 1) (end -3.35 1) (layer "B.Fab") (width 0.1))
    (fp_line (start 3.35 -1.6) (end 3.35 1) (layer "B.Fab") (width 0.1))
    (fp_line (start -3.35 -1.6) (end 3.35 -1.6) (layer "B.Fab") (width 0.1))
    (fp_line (start -3.35 1) (end -3.35 -1.6) (layer "B.Fab") (width 0.1))
    (fp_line (start -0.1 -2.9) (end -0.1 -1.6) (layer "B.Fab") (width 0.1))
    (fp_line (start -0.15 -2.95) (end -0.1 -2.9) (layer "B.Fab") (width 0.1))
    (fp_line (start -0.35 -3.15) (end -0.15 -2.95) (layer "B.Fab") (width 0.1))
    (fp_line (start -1.2 -3.15) (end -0.35 -3.15) (layer "B.Fab") (width 0.1))
    (fp_line (start -1.4 -2.95) (end -1.2 -3.15) (layer "B.Fab") (width 0.1))
    (fp_line (start -1.4 -1.65) (end -1.4 -2.95) (layer "B.Fab") (width 0.1))
    (fp_text user "%R" (at 0 3.2) (layer "B.Fab")
      (effects (font (size 1 1) (thickness 0.15)) (justify mirror))
    )
    (pad "" smd rect (at -3.65 0.78 180) (size 1 0.8) (layers "B.Cu" "B.Paste" "B.Mask"))
    (pad "" smd rect (at 3.65 0.78 180) (size 1 0.8) (layers "B.Cu" "B.Paste" "B.Mask"))
    (pad "" smd rect (at 3.65 -1.43 180) (size 1 0.8) (layers "B.Cu" "B.Paste" "B.Mask"))
    (pad "" smd rect (at -3.65 -1.43 180) (size 1 0.8) (layers "B.Cu" "B.Paste" "B.Mask"))
    (pad "3" smd rect (at 2.25 1.43 180) (size 0.7 1.5) (layers "B.Cu" "B.Paste" "B.Mask")
      (net 84 "Net-(SW1-Pad3)"))
    (pad "2" smd rect (at 0.75 1.43 180) (size 0.7 1.5) (layers "B.Cu" "B.Paste" "B.Mask")
      (net 100 "MCU_USB_VBUS"))
    (pad "1" smd rect (at -2.25 1.43 180) (size 0.7 1.5) (layers "B.Cu" "B.Paste" "B.Mask")
      (net 48 "F9P_USB_VBUS"))
    (pad "" np_thru_hole circle (at 1.5 -0.33 180) (size 0.9 0.9) (drill 0.9) (layers *.Cu *.Mask))
    (pad "" np_thru_hole circle (at -1.5 -0.33 180) (size 0.9 0.9) (drill 0.9) (layers *.Cu *.Mask))
    (model "${KISYS3DMOD}/Button_Switch_SMD.3dshapes/SW_SPDT_PCM12.wrl"
      (at (xyz 0 0 0))
      (scale (xyz 1 1 1))
      (rotate (xyz 0 0 0))
    )
  )

  (module "Connector_JST:JST_PH_B4B-PH-K_1x04_P2.00mm_Vertical" (layer "F.Cu") (tedit 5B7745C2) (tstamp 5D85EE7F)
    (at 117.85 71.85 -90)
    (descr "JST PH series connector, B4B-PH-K (http://www.jst-mfg.com/product/pdf/eng/ePH.pdf), generated with kicad-footprint-generator")
    (tags "connector JST PH side entry")
    (path "/5D838F1B/5DA1C984")
    (fp_text reference "J4" (at 3 -2.9 -270) (layer "F.SilkS")
      (effects (font (size 1 1) (thickness 0.15)))
    )
    (fp_text value "CAN" (at -3.225 0.5 -180) (layer "F.SilkS")
      (effects (font (size 1 1) (thickness 0.15)))
    )
    (fp_text user "%R" (at 3 1.5 -270) (layer "F.Fab")
      (effects (font (size 1 1) (thickness 0.15)))
    )
    (fp_line (start 8.45 -2.2) (end -2.45 -2.2) (layer "F.CrtYd") (width 0.05))
